2.0000000000000	132.16371890963
2.1000000000000	129.45397508559
2.2000000000000	126.69822949068
2.3000000000000	123.89229657066
2.4000000000000	121.03184174056
2.5000000000000	118.11236058892
2.6000000000000	115.12915903635
2.7000000000000	112.07733462644
2.8000000000000	108.95175924045
2.9000000000000	105.74706366042
3.0000000000000	102.45762456247
3.1000000000000	99.077554707693
3.2000000000000	95.600697316987
3.3000000000000	92.020625870784
3.4000000000000	88.330650868565
3.5000000000000	84.523835413786
3.6000000000000	80.593021853412
3.7000000000000	76.530872084980
3.8000000000000	72.329924526374
3.9000000000000	67.982671088911
4.0000000000000	63.481657749700
4.1000000000000	58.819612409390
4.2000000000000	53.989603545598
4.3000000000000	48.985232603398
4.4000000000000	43.800861952875
4.5000000000000	38.431878430216
4.6000000000000	32.874989817647
4.7000000000000	27.128548016263
4.8000000000000	21.192888141000
4.9000000000000	15.070667511508
5.0000000000000	8.7671829640658
5.1000000000000	2.2906397955864
5.2000000000000	-4.3476580202366
5.3000000000000	-11.133227742309
5.4000000000000	-18.048466540869
5.5000000000000	-25.072870235970
5.6000000000000	-32.183421337970
5.7000000000000	-39.355139798016
5.8000000000000	-46.561772245236
5.9000000000000	-53.776578878041
6.0000000000000	-60.973164655265
6.1000000000000	-68.126295529799
6.2000000000000	-75.212642457894
6.3000000000000	-82.211405429536
6.4000000000000	-89.104784881631
6.5000000000000	-95.878285667731
6.6000000000000	-102.52085616204
6.7000000000000	-109.02487951814
6.8000000000000	-115.38604405067
6.9000000000000	-121.60312475381
7.0000000000000	-127.67770863299
7.1000000000000	-133.61389389363
7.2000000000000	-139.41798837935
7.3000000000000	-145.09822716111
7.4000000000000	-150.66452376194
7.5000000000000	-156.12826475834
7.6000000000000	-161.50215373997
7.7000000000000	-166.80010792677
7.8000000000000	-172.03720908370
7.9000000000000	-177.22970960902
8.0000000000000	177.60490535873
8.1000000000000	172.44779843019
8.2000000000000	167.27860071192
8.3000000000000	162.07516926053
8.4000000000000	156.81327640638
8.5000000000000	151.46622499261
8.6000000000000	146.00438301831
8.7000000000000	140.39463182167
8.8000000000000	134.59972487946
8.9000000000000	128.57756136036
9.0000000000000	122.28039276479
9.1000000000000	115.65400715992
9.2000000000000	108.63698119148
9.3000000000000	101.16016625032
9.4000000000000	93.146696582543
9.5000000000000	84.512989708774
9.6000000000000	75.171461229508
9.7000000000000	65.035972495989
9.8000000000000	54.031262096155
9.9000000000000	42.107503067035
10.000000000000	29.260154591195
10.100000000000	15.552783045897
10.200000000000	1.1363849396940
10.300000000000	-13.745280738317
10.400000000000	-28.774357843846
10.500000000000	-43.602607207587
10.600000000000	-57.907014277534
10.700000000000	-71.436088090965
10.800000000000	-84.031678551458
10.900000000000	-95.625459702931
11.000000000000	-106.21972353272
11.100000000000	-115.86371331335
11.200000000000	-124.63277794506
11.300000000000	-132.61308565409
11.400000000000	-139.89179376031
11.500000000000	-146.55144611831
11.600000000000	-152.66724083824
11.700000000000	-158.30607243837
11.800000000000	-163.52658237040
11.900000000000	-168.37972719779
12.000000000000	-172.90956977494
12.100000000000	-177.15412677743
12.200000000000	178.85381514476
12.300000000000	175.08595580082
12.400000000000	171.51782543844
12.500000000000	168.12821718180
12.600000000000	164.89870191079
12.700000000000	161.81321665122
12.800000000000	158.85771680853
12.900000000000	156.01988295089
13.000000000000	153.28887372604
13.100000000000	150.65511755068
13.200000000000	148.11013676866
13.300000000000	145.64639895117
13.400000000000	143.25719087612
13.500000000000	140.93651146701
13.600000000000	138.67898060014
13.700000000000	136.47976121546
13.800000000000	134.33449260300
13.900000000000	132.23923309908
14.000000000000	130.19041072450
14.100000000000	128.18478054364
14.200000000000	126.21938772585
14.300000000000	124.29153545812
14.400000000000	122.39875699630
14.500000000000	120.53879125631
14.600000000000	118.70956144164
14.700000000000	116.90915628206
14.800000000000	115.13581352380
14.900000000000	113.38790536618
15.000000000000	111.66392558524
15.100000000000	109.96247812315
15.200000000000	108.28226695420
15.300000000000	106.62208706553
15.400000000000	104.98081641313
15.500000000000	103.35740873352
15.600000000000	101.75088710736
15.700000000000	100.16033818559
15.800000000000	98.584907000549
15.900000000000	97.023792294340
16.000000000000	95.476242305890
16.100000000000	93.941550965265
16.200000000000	92.419054450395
16.300000000000	90.908128066844
16.400000000000	89.408183416069
16.500000000000	87.918665821753
16.600000000000	86.439051987377
16.700000000000	84.968847861356
16.800000000000	83.507586688743
16.900000000000	82.054827230922
17.000000000000	80.610152136766
17.100000000000	79.173166450553
17.200000000000	77.743496243557
17.300000000000	76.320787357594
17.400000000000	74.904704250089
17.500000000000	73.494928931256
17.600000000000	72.091159985034
17.700000000000	70.693111666171
17.800000000000	69.300513066699
17.900000000000	67.913107345648
18.000000000000	66.530651016480
18.100000000000	65.152913287230
18.200000000000	63.779675448836
18.300000000000	62.410730307553
18.400000000000	61.045881657718
18.500000000000	59.684943791475
18.600000000000	58.327741042389
18.700000000000	56.974107360123
18.800000000000	55.623885913617
18.900000000000	54.276928720411
19.000000000000	52.933096299988
19.100000000000	51.592257349140
19.200000000000	50.254288437573
19.300000000000	48.919073722085
19.400000000000	47.586504677780
19.500000000000	46.256479844942
19.600000000000	44.928904590249
19.700000000000	43.603690881138
19.800000000000	42.280757072244
19.900000000000	40.960027702855
20.000000000000	39.641433304482