2.0000000000000	132.98384869194
2.1000000000000	130.45087320009
2.2000000000000	127.88438072983
2.3000000000000	125.28279789293
2.4000000000000	122.64449435668
2.5000000000000	119.96778361194
2.6000000000000	117.25092428472
2.7000000000000	114.49212208914
2.8000000000000	111.68953253147
2.9000000000000	108.84126448762
3.0000000000000	105.94538478976
3.1000000000000	102.99992397082
3.2000000000000	100.00288332845
3.3000000000000	96.952243481924
3.4000000000000	93.845974605455
3.5000000000000	90.682048528869
3.6000000000000	87.458452899734
3.7000000000000	84.173207599074
3.8000000000000	80.824383593359
3.9000000000000	77.410124386904
4.0000000000000	73.928670208835
4.1000000000000	70.378385024932
4.2000000000000	66.757786404696
4.3000000000000	63.065578195514
4.4000000000000	59.300685857076
4.5000000000000	55.462294189038
4.6000000000000	51.549887043207
4.7000000000000	47.563288449869
4.8000000000000	43.502704409545
4.9000000000000	39.368764412504
5.0000000000000	35.162561557401
5.1000000000000	30.885689959016
5.2000000000000	26.540277977834
5.3000000000000	22.129015687794
5.4000000000000	17.655174941151
5.5000000000000	13.122620409027
5.6000000000000	8.5358100885908
5.7000000000000	3.8997839844855
5.8000000000000	-0.77986000259452
5.9000000000000	-5.4970035177929
6.0000000000000	-10.245058543463
6.1000000000000	-15.017030977295
6.2000000000000	-19.805595825378
6.3000000000000	-24.603182244984
6.4000000000000	-29.402066140597
6.5000000000000	-34.194467592022
6.6000000000000	-38.972650113117
6.7000000000000	-43.729018629299
6.8000000000000	-48.456213132344
6.9000000000000	-53.147195215828
7.0000000000000	-57.795325091949
7.1000000000000	-62.394427205285
7.2000000000000	-66.938843147715
7.3000000000000	-71.423471194229
7.4000000000000	-75.843792376718
7.5000000000000	-80.195883553496
7.6000000000000	-84.476418387137
7.7000000000000	-88.682657494232
7.8000000000000	-92.812429270879
7.9000000000000	-96.864103029846
8.0000000000000	-100.83655611983
8.1000000000000	-104.72913664976
8.2000000000000	-108.54162332974
8.3000000000000	-112.27418378426
8.4000000000000	-115.92733250981
8.5000000000000	-119.50188945426
8.6000000000000	-122.99894000070
8.7000000000000	-126.41979695473
8.8000000000000	-129.76596496653
8.9000000000000	-133.03910767200
9.0000000000000	-136.24101771289
9.1000000000000	-139.37358969318
9.2000000000000	-142.43879604774
9.3000000000000	-145.43866573776
9.4000000000000	-148.37526564206
9.5000000000000	-151.25068448346
9.6000000000000	-154.06701911092
9.7000000000000	-156.82636294967
9.8000000000000	-159.53079643107
9.9000000000000	-162.18237921896
10.000000000000	-164.78314405917
10.100000000000	-167.33509209213
10.200000000000	-169.84018948371
10.300000000000	-172.30036524696
10.400000000000	-174.71751014591
10.500000000000	-177.09347659199
10.600000000000	-179.43007946467
10.700000000000	178.27090219049
10.800000000000	176.00772260953
10.900000000000	173.77866590085
11.000000000000	171.58204174763
11.100000000000	169.41618015697
11.200000000000	167.27942515150
11.300000000000	165.17012725112
11.400000000000	163.08663453313
11.500000000000	161.02728198266
11.600000000000	158.99037874784
11.700000000000	156.97419278407
11.800000000000	154.97693219938
11.900000000000	152.99672237807
12.000000000000	151.03157763732
12.100000000000	149.07936572222
12.200000000000	147.13776280912
12.300000000000	145.20419577669
12.400000000000	143.27576717851
12.500000000000	141.34915639015
12.600000000000	139.42048745307
12.700000000000	137.48514961439
12.800000000000	135.53754948594
12.900000000000	133.57076243745
13.000000000000	131.57603233396
13.100000000000	129.54203767782
13.200000000000	127.45378870340
13.300000000000	125.29092515445
13.400000000000	123.02501185040
13.500000000000	120.61510770973
13.600000000000	118.00028100096
13.700000000000	115.08665941706
13.800000000000	111.72509597179
13.900000000000	107.67696402458
14.000000000000	102.60164988462
14.100000000000	96.450494674563
14.200000000000	93.863962788084
14.300000000000	121.93773960579
14.400000000000	138.93798596108
14.500000000000	134.13087943612
14.600000000000	128.32814631917
14.700000000000	123.68795691182
14.800000000000	119.97609847036
14.900000000000	116.88326924717
15.000000000000	114.20396136989
15.100000000000	111.80972834212
15.200000000000	109.61899721607
15.300000000000	107.57830186478
15.400000000000	105.65141892206
15.500000000000	103.81303667045
15.600000000000	102.04496804338
15.700000000000	100.33381537472
15.800000000000	98.669486443527
15.900000000000	97.044224601538
16.000000000000	95.451958327858
16.100000000000	93.887854603555
16.200000000000	92.348005528989
16.300000000000	90.829203959609
16.400000000000	89.328779757286
16.500000000000	87.844477975028
16.600000000000	86.374366383773
16.700000000000	84.916763618151
16.800000000000	83.470181677704
16.900000000000	82.033278039497
17.000000000000	80.604813470605
17.100000000000	79.183611872224
17.200000000000	77.768518092737
17.300000000000	76.358348374832
17.400000000000	74.951825390264
17.500000000000	73.547484494789
17.600000000000	72.143527551418
17.700000000000	70.737580957273
17.800000000000	69.326278854711
17.900000000000	67.904546791699
18.000000000000	66.464563569564
18.100000000000	64.996189049339
18.200000000000	63.509201280281
18.300000000000	62.249739249683
18.400000000000	61.829601546333
18.500000000000	60.799774069428
18.600000000000	59.312837896042
18.700000000000	57.829110061614
18.800000000000	56.383378402597
18.900000000000	54.963718576851
19.000000000000	53.560071759694
19.100000000000	52.166111340555
19.200000000000	50.777841187424
19.300000000000	49.392602737040
19.400000000000	48.008514703805
19.500000000000	46.624161017840
19.600000000000	45.238412064829
19.700000000000	43.850318349239
19.800000000000	42.459044712365
19.900000000000	41.063828036090
20.000000000000	39.663948991404