2.0000000000000	132.59417513006
2.1000000000000	129.98650156551
2.2000000000000	127.33735329992
2.3000000000000	124.64448141056
2.4000000000000	121.90552645705
2.5000000000000	119.11801660443
2.6000000000000	116.27936647232
2.7000000000000	113.38687690785
2.8000000000000	110.43773591572
2.9000000000000	107.42902101830
3.0000000000000	104.35770336290
3.1000000000000	101.22065394127
3.2000000000000	98.014652337387
3.3000000000000	94.736398472822
3.4000000000000	91.382527871936
3.5000000000000	87.949631019339
3.6000000000000	84.434277425527
3.7000000000000	80.833045047845
3.8000000000000	77.142555726343
3.9000000000000	73.359517278851
4.0000000000000	69.480772846592
4.1000000000000	65.503357978577
4.2000000000000	61.424565776892
4.3000000000000	57.242020181894
4.4000000000000	52.953757143615
4.5000000000000	48.558312993405
4.6000000000000	44.054818793730
4.7000000000000	39.443098808443
4.8000000000000	34.723770517938
4.9000000000000	29.898342836395
5.0000000000000	24.969308423996
5.1000000000000	19.940225297686
5.2000000000000	14.815782419763
5.3000000000000	9.6018436864378
5.4000000000000	4.3054648512603
5.5000000000000	-1.0651215106599
5.6000000000000	-6.5005568077301
5.7000000000000	-11.990445217220
5.8000000000000	-17.523480613080
5.9000000000000	-23.087609439368
6.0000000000000	-28.670224869679
6.1000000000000	-34.258385278837
6.2000000000000	-39.839048151469
6.3000000000000	-45.399309296124
6.4000000000000	-50.926636785693
6.5000000000000	-56.409089465996
6.6000000000000	-61.835511112744
6.7000000000000	-67.195693216732
6.8000000000000	-72.480501706942
6.9000000000000	-77.681965414811
7.0000000000000	-82.793326481602
7.1000000000000	-87.809055000269
7.2000000000000	-92.724831816911
7.3000000000000	-97.537504524391
7.4000000000000	-102.24502226234
7.5000000000000	-106.84635504925
7.6000000000000	-111.34140310520
7.7000000000000	-115.73090108506
7.8000000000000	-120.01632143830
7.9000000000000	-124.19978033654
8.0000000000000	-128.28394883927
8.1000000000000	-132.27197125489
8.2000000000000	-136.16739203418
8.3000000000000	-139.97409202262
8.4000000000000	-143.69623450341
8.5000000000000	-147.33822117978
8.6000000000000	-150.90465806560
8.7000000000000	-154.40033116693
8.8000000000000	-157.83019183330
8.9000000000000	-161.19935172854
9.0000000000000	-164.51308751147
9.1000000000000	-167.77685552704
9.2000000000000	-170.99631709157
9.3000000000000	-174.17737532574
9.4000000000000	-177.32622496315
9.5000000000000	179.55058282628
9.6000000000000	176.44605776504
9.7000000000000	173.35266607266
9.8000000000000	170.26219907982
9.9000000000000	167.16560770917
10.000000000000	164.05279310961
10.100000000000	160.91234016633
10.200000000000	157.73117559489
10.300000000000	154.49412518362
10.400000000000	151.18333442790
10.500000000000	147.77750168074
10.600000000000	144.25085047627
10.700000000000	140.57173379497
10.800000000000	136.70071114905
10.900000000000	132.58785868378
11.000000000000	128.16894512935
11.100000000000	123.35990249421
11.200000000000	118.04868968400
11.300000000000	112.08310597429
11.400000000000	105.25222226875
11.500000000000	97.257647079075
11.600000000000	87.668534204975
11.700000000000	75.850835640685
11.800000000000	60.857964673937
11.900000000000	41.280933480323
12.000000000000	15.197264730645
12.100000000000	-18.802870952646
12.200000000000	-57.550149091131
12.300000000000	-92.573716766394
12.400000000000	-119.51238596979
12.500000000000	-139.48339835762
12.600000000000	-154.56426614776
12.700000000000	-166.29952974962
12.800000000000	-175.70580573224
12.900000000000	176.55074366177
13.000000000000	170.02509115071
13.100000000000	164.41274778579
13.200000000000	159.50027947110
13.300000000000	155.13454671497
13.400000000000	151.20322504684
13.500000000000	147.62222530281
13.600000000000	144.32741254223
13.700000000000	141.26905199045
13.800000000000	138.40801359683
13.900000000000	135.71312737645
14.000000000000	133.15930235276
14.100000000000	130.72615989553
14.200000000000	128.39701986150
14.300000000000	126.15813396221
14.400000000000	123.99809659560
14.500000000000	121.90738621269
14.600000000000	119.87800485621
14.700000000000	117.90319288292
14.800000000000	115.97720204200
14.900000000000	114.09511426146
15.000000000000	112.25269644246
15.100000000000	110.44628372037
15.200000000000	108.67268528244
15.300000000000	106.92910809148
15.400000000000	105.21309484967
15.500000000000	103.52247331132
15.600000000000	101.85531466417
15.700000000000	100.20989917955
15.800000000000	98.584687710176
15.900000000000	96.978297911351
16.000000000000	95.389484294547
16.100000000000	93.817121405145
16.200000000000	92.260189559553
16.300000000000	90.717762689662
16.400000000000	89.188997931268
16.500000000000	87.673126663134
16.600000000000	86.169446758714
16.700000000000	84.677315856648
16.800000000000	83.196145491162
16.900000000000	81.725395951684
17.000000000000	80.264571763548
17.100000000000	78.813217699972
17.200000000000	77.370915250305
17.300000000000	75.937279481640
17.400000000000	74.511956240826
17.500000000000	73.094619652051
17.600000000000	71.684969871930
17.700000000000	70.282731069652
17.800000000000	68.887649604396
17.900000000000	67.499492376168
18.000000000000	66.118045329504
18.100000000000	64.743112092262
18.200000000000	63.374512734102
18.300000000000	62.012082631256
18.400000000000	60.655671425906
18.500000000000	59.305142069965
18.600000000000	57.960369944312
18.700000000000	56.621242045639
18.800000000000	55.287656233986
18.900000000000	53.959520534878
19.000000000000	52.636752490692
19.100000000000	51.319278556477
19.200000000000	50.007033536023
19.300000000000	48.699960054429
19.400000000000	47.398008063841
19.500000000000	46.101134379407
19.600000000000	44.809302242811
19.700000000000	43.522480911025
19.800000000000	42.240645268195
19.900000000000	40.963775458775
20.000000000000	39.691856540236