        Frequency / GHz                S1,1/abs,dB
----------------------------------------------------------------------
                     1.5                     -0.28666438
                   1.502                     -0.29521046
               1.5039999                     -0.30342506
                   1.506                     -0.31126385
                   1.508                     -0.31868185
                    1.51                      -0.3256416
                   1.512                     -0.33210601
               1.5140001                     -0.33804184
                   1.516                     -0.34342338
                   1.518                     -0.34822445
                    1.52                     -0.35242622
                   1.522                     -0.35601461
                   1.524                     -0.35897784
                   1.526                     -0.36131023
                   1.528                     -0.36301028
                    1.53                     -0.36408088
               1.5319999                     -0.36452991
                   1.534                     -0.36436842
                   1.536                     -0.36361236
                   1.538                     -0.36228192
                    1.54                      -0.3604007
               1.5420001                      -0.3579946
                   1.544                     -0.35509477
                   1.546                     -0.35173415
                   1.548                     -0.34794788
                    1.55                     -0.34377545
                   1.552                     -0.33925642
                   1.554                     -0.33443184
                   1.556                     -0.32934611
                   1.558                     -0.32404394
               1.5599999                     -0.31856846
                   1.562                     -0.31296599
                   1.564                     -0.30728238
                   1.566                     -0.30156194
                   1.568                     -0.29584923
               1.5700001                     -0.29018883
                   1.572                     -0.28462232
                   1.574                     -0.27919173
                   1.576                     -0.27393614
               1.5779999                     -0.26889309
                    1.58                     -0.26409907
                   1.582                     -0.25958727
                   1.584                     -0.25538936
                   1.586                     -0.25153279
               1.5880001                     -0.24804523
                    1.59                     -0.24494788
                   1.592                     -0.24226293
                   1.594                     -0.24000741
                   1.596                     -0.23819555
                   1.598                     -0.23683991
                     1.6                     -0.23594787
                   1.602                     -0.23552493
                   1.604                     -0.23557435
               1.6059999                     -0.23609554
                   1.608                      -0.2370845
                    1.61                      -0.2385364
                   1.612                     -0.24044036
                   1.614                     -0.24278529
               1.6160001                     -0.24555721
                   1.618                     -0.24873877
                    1.62                     -0.25231115
                   1.622                     -0.25625327
                   1.624                      -0.2605394
                   1.626                     -0.26514635
                   1.628                     -0.27004588
                    1.63                     -0.27520903
                   1.632                     -0.28060524
               1.6339999                     -0.28620483
                   1.636                     -0.29197325
                   1.638                     -0.29787788
                    1.64                     -0.30388559
                   1.642                     -0.30996195
               1.6440001                     -0.31607247
                   1.646                     -0.32218312
                   1.648                     -0.32825981
                    1.65                     -0.33426991
                   1.652                     -0.34017928
                   1.654                     -0.34595767
                   1.656                     -0.35157389
                   1.658                     -0.35699944
                    1.66                     -0.36220662
               1.6619999                     -0.36716924
                   1.664                     -0.37186373
                   1.666                      -0.3762684
                   1.668                     -0.38036358
                    1.67                     -0.38413084
               1.6720001                     -0.38755627
                   1.674                     -0.39062716
                   1.676                     -0.39333489
                   1.678                      -0.3956695
               1.6799999                     -0.39762868
                   1.682                     -0.39920888
                   1.684                     -0.40041224
                   1.686                     -0.40124142
                   1.688                     -0.40170166
               1.6900001                     -0.40180235
                   1.692                     -0.40155372
                   1.694                     -0.40096809
                   1.696                     -0.40006152
                   1.698                     -0.39885143
                     1.7                      -0.3973557
                   1.702                     -0.39559654
                   1.704                      -0.3935954
                   1.706                     -0.39137662
               1.7079999                     -0.38896476
                    1.71                     -0.38638545
                   1.712                     -0.38366625
                   1.714                     -0.38083423
                   1.716                     -0.37791791
               1.7180001                     -0.37494414
                    1.72                     -0.37194178
                   1.722                      -0.3689398
                   1.724                     -0.36596375
                   1.726                     -0.36304184
                   1.728                     -0.36020086
                    1.73                     -0.35746654
                   1.732                     -0.35486281
                   1.734                      -0.3524136
               1.7359999                     -0.35014206
                   1.738                     -0.34806788
                    1.74                     -0.34621084
                   1.742                     -0.34458939
                   1.744                     -0.34321893
               1.7460001                     -0.34211404
                   1.748                     -0.34128763
                    1.75                     -0.34075012
                   1.752                     -0.34050985
               1.7539999                     -0.34057442
                   1.756                     -0.34094808
                   1.758                     -0.34163431
                    1.76                      -0.3426333
                   1.762                     -0.34394419
               1.7640001                     -0.34556427
                   1.766                     -0.34748798
                   1.768                     -0.34971003
                    1.77                     -0.35221941
                   1.772                     -0.35500793
                   1.774                     -0.35806196
                   1.776                     -0.36137025
                   1.778                     -0.36491498
                    1.78                     -0.36868172
               1.7819999                     -0.37265176
                   1.784                     -0.37680638
                   1.786                     -0.38112731
                   1.788                      -0.3855909
                    1.79                     -0.39017875
               1.7920001                     -0.39486587
                   1.794                     -0.39963193
                   1.796                      -0.4044521
                   1.798                     -0.40930555
                     1.8                     -0.41416682
                   1.802                      -0.4190139
                   1.804                     -0.42382384
                   1.806                     -0.42857485
                   1.808                      -0.4332436
               1.8099999                     -0.43781107
                   1.812                     -0.44225502
                   1.814                     -0.44655742
                   1.816                     -0.45070018
                   1.818                     -0.45466509
               1.8200001                     -0.45843811
                   1.822                     -0.46200392
                   1.824                     -0.46534971
                   1.826                     -0.46846571
               1.8279999                     -0.47134133
                    1.83                     -0.47396896
                   1.832                     -0.47634235
                   1.834                     -0.47845983
                   1.836                     -0.48031613
               1.8380001                     -0.48191168
                    1.84                     -0.48324817
                   1.842                     -0.48432916
                   1.844                     -0.48515838
                   1.846                     -0.48574362
                   1.848                     -0.48609229
                    1.85                     -0.48621477
                   1.852                     -0.48612219
                   1.854                     -0.48582756
               1.8559999                     -0.48534468
                   1.858                      -0.4846887
                    1.86                     -0.48387667
                   1.862                     -0.48292435
                   1.864                     -0.48185216
               1.8660001                     -0.48067815
                   1.868                     -0.47942186
                    1.87                     -0.47810269
                   1.872                     -0.47674159
                   1.874                     -0.47535889
                   1.876                     -0.47397491
                   1.878                     -0.47261052
                    1.88                     -0.47128556
                   1.882                     -0.47001941
               1.8839999                     -0.46883268
                   1.886                     -0.46774396
                   1.888                      -0.4667693
                    1.89                     -0.46592885
                   1.892                     -0.46523755
               1.8940001                     -0.46471066
                   1.896                     -0.46436268
                   1.898                      -0.4642074
                     1.9                     -0.46425568
                   1.902                     -0.46451773
                   1.904                     -0.46500362
                   1.906                     -0.46572054
                   1.908                     -0.46667509
                    1.91                     -0.46787259
               1.9119999                     -0.46931609
                   1.914                      -0.4710063
                   1.916                     -0.47294438
                   1.918                     -0.47512964
                    1.92                       -0.477559
               1.9220001                     -0.48022814
                   1.924                     -0.48313294
                   1.926                     -0.48626413
                   1.928                     -0.48961426
               1.9299999                     -0.49317389
                   1.932                      -0.4969337
                   1.934                     -0.50087948
                   1.936                     -0.50499874
                   1.938                     -0.50927891
               1.9400001                     -0.51370458
                   1.942                     -0.51825823
                   1.944                     -0.52292571
                   1.946                     -0.52768894
                   1.948                     -0.53253071
                    1.95                     -0.53743389
                   1.952                     -0.54237837
                   1.954                     -0.54734803
                   1.956                     -0.55232341
               1.9579999                     -0.55728702
                    1.96                     -0.56222066
                   1.962                     -0.56710572
                   1.964                     -0.57192799
                   1.966                     -0.57666724
               1.9680001                      -0.5813097
                    1.97                     -0.58583955
                   1.972                     -0.59024304
                   1.974                     -0.59450712
                   1.976                     -0.59861919
                   1.978                     -0.60256778
                    1.98                     -0.60634359
                   1.982                     -0.60993879
                   1.984                     -0.61334554
               1.9859999                     -0.61655899
                   1.988                     -0.61957374
                    1.99                      -0.6223874
                   1.992                     -0.62499977
                   1.994                      -0.6274095
               1.9960001                     -0.62961937
                   1.998                     -0.63163156
                       2                     -0.63345258
               2.0020001                     -0.63508615
               2.0039999                     -0.63654182
                   2.006                     -0.63782769
               2.0079999                     -0.63895367
                    2.01                     -0.63993141
               2.0120001                     -0.64077257
               2.0139999                     -0.64149268
                   2.016                     -0.64210347
               2.0179999                     -0.64262096
                    2.02                     -0.64306246
               2.0220001                     -0.64344429
               2.0239999                      -0.6437827
                   2.026                     -0.64409551
               2.0280001                     -0.64440063
                    2.03                     -0.64471677
               2.0320001                     -0.64506217
               2.0339999                     -0.64545474
                   2.036                     -0.64591197
               2.0380001                     -0.64645213
                    2.04                     -0.64709287
               2.0420001                      -0.6478504
               2.0439999                     -0.64874138
                   2.046                      -0.6497812
               2.0480001                     -0.65098563
                    2.05                     -0.65236747
                   2.052                     -0.65394107
               2.0539999                     -0.65571785
                   2.056                     -0.65770812
               2.0580001                     -0.65992404
               2.0599999                     -0.66237218
                   2.062                     -0.66506113
               2.0639999                     -0.66799645
                   2.066                     -0.67118377
               2.0680001                     -0.67462534
               2.0699999                     -0.67832507
                   2.072                     -0.68228221
               2.0739999                     -0.68649761
                   2.076                     -0.69096816
               2.0780001                     -0.69569179
               2.0799999                     -0.70066319
                   2.082                     -0.70587756
               2.0840001                      -0.7113268
                   2.086                     -0.71700268
               2.0880001                     -0.72289597
               2.0899999                     -0.72899752
                   2.092                     -0.73529367
               2.0940001                     -0.74177297
                   2.096                     -0.74842289
                   2.098                     -0.75522781
               2.0999999                     -0.76217411
                   2.102                     -0.76924582
               2.1040001                     -0.77642708
               2.1059999                     -0.78370162
                   2.108                     -0.79105332
               2.1099999                     -0.79846544
                   2.112                     -0.80592035
               2.1140001                     -0.81340203
               2.1159999                     -0.82089415
                   2.118                     -0.82838045
               2.1199999                     -0.83584354
                   2.122                      -0.8432703
               2.1240001                     -0.85064444
               2.1259999                     -0.85795294
                   2.128                     -0.86518259
               2.1300001                     -0.87232086
                   2.132                     -0.87935719
               2.1340001                     -0.88628128
               2.1359999                     -0.89308394
                   2.138                      -0.8997591
               2.1400001                     -0.90629923
                   2.142                     -0.91270062
               2.1440001                     -0.91895923
               2.1459999                     -0.92507451
                   2.148                     -0.93104595
               2.1500001                     -0.93687436
                   2.152                     -0.94256338
                   2.154                     -0.94811736
               2.1559999                     -0.95354252
                   2.158                     -0.95884642
               2.1600001                     -0.96403957
               2.1619999                     -0.96913002
                   2.164                     -0.97413139
               2.1659999                     -0.97905856
                   2.168                     -0.98392341
               2.1700001                      -0.9887437
               2.1719999                      -0.9935355
                   2.174                       -0.998318
               2.1760001                      -1.0031096
                   2.178                      -1.0079311
               2.1800001                      -1.0128016
               2.1819999                      -1.0177435
                   2.184                      -1.0227785
               2.1860001                      -1.0279277
                   2.188                       -1.033215
               2.1900001                      -1.0386627
               2.1919999                      -1.0442927
                   2.194                      -1.0501279
               2.1960001                      -1.0561912
                   2.198                      -1.0625041
                     2.2                      -1.0690891
               2.2019999                      -1.0759664
                   2.204                      -1.0831561
               2.2060001                      -1.0906793
               2.2079999                      -1.0985554
                    2.21                      -1.1068007
               2.2119999                      -1.1154342
                   2.214                      -1.1244699
               2.2160001                      -1.1339249
               2.2179999                      -1.1438112
                    2.22                       -1.154143
               2.2219999                      -1.1649298
                   2.224                      -1.1761832
               2.2260001                      -1.1879096
               2.2279999                      -1.2001186
                    2.23                       -1.212815
               2.2320001                      -1.2260017
                   2.234                      -1.2396837
               2.2360001                      -1.2538621
               2.2379999                      -1.2685371
                    2.24                      -1.2837069
               2.2420001                      -1.2993699
                   2.244                      -1.3155219
               2.2460001                      -1.3321584
               2.2479999                      -1.3492732
                    2.25                      -1.3668607
               2.2520001                      -1.3849097
               2.2539999                      -1.4034144
                   2.256                      -1.4223634
               2.2579999                      -1.4417473
                    2.26                      -1.4615553
               2.2620001                      -1.4817755
               2.2639999                      -1.5023965
                   2.266                      -1.5234063
               2.2679999                      -1.5447939
                    2.27                      -1.5665466
               2.2720001                      -1.5886542
               2.2739999                      -1.6111047
                   2.276                      -1.6338887
               2.2780001                      -1.6569965
                    2.28                      -1.6804194
               2.2820001                      -1.7041516
               2.2839999                      -1.7281833
                   2.286                      -1.7525136
               2.2880001                      -1.7771374
                    2.29                      -1.8020537
               2.2920001                      -1.8272637
               2.2939999                      -1.8527694
                   2.296                      -1.8785769
               2.2980001                       -1.904692
                     2.3                      -1.9311262
                   2.302                      -1.9578913
               2.3039999                      -1.9850026
                   2.306                      -2.0124784
               2.3080001                      -2.0403391
               2.3099999                        -2.06861
                   2.312                      -2.0973174
               2.3139999                      -2.1264924
                   2.316                      -2.1561677
               2.3180001                      -2.1863808
               2.3199999                      -2.2171727
                   2.322                      -2.2485856
               2.3239999                      -2.2806662
                   2.326                      -2.3134675
               2.3280001                      -2.3470379
               2.3299999                       -2.381439
                   2.332                      -2.4167279
               2.3340001                      -2.4529688
                   2.336                      -2.4902277
               2.3380001                      -2.5285744
               2.3399999                      -2.5680814
                   2.342                      -2.6088242
               2.3440001                      -2.6508823
                   2.346                      -2.6943361
                   2.348                       -2.739272
               2.3499999                      -2.7857765
                   2.352                      -2.8339396
               2.3540001                      -2.8838558
               2.3559999                      -2.9356211
                   2.358                      -2.9893339
               2.3599999                      -3.0450968
                   2.362                       -3.103013
               2.3640001                      -3.1631922
               2.3659999                      -3.2257452
                   2.368                       -3.290785
               2.3699999                      -3.3584286
                   2.372                      -3.4287956
               2.3740001                      -3.5020111
               2.3759999                      -3.5782022
                   2.378                      -3.6575001
               2.3800001                      -3.7400383
                   2.382                      -3.8259573
               2.3840001                       -3.915401
               2.3859999                      -4.0085187
                   2.388                      -4.1054636
               2.3900001                      -4.2063945
                   2.392                       -4.311479
               2.3940001                      -4.4208888
               2.3959999                      -4.5348018
                   2.398                      -4.6534077
               2.4000001                      -4.7769005
                   2.402                      -4.9054867
                   2.404                      -5.0393799
               2.4059999                      -5.1788096
                   2.408                        -5.32401
               2.4100001                      -5.4752383
               2.4119999                      -5.6327582
                   2.414                       -5.796855
               2.4159999                      -5.9678289
                   2.418                      -6.1460028
               2.4200001                        -6.33172
               2.4219999                       -6.525349
                   2.424                      -6.7272848
               2.4260001                      -6.9379552
                   2.428                      -7.1578193
               2.4300001                      -7.3873774
               2.4319999                      -7.6271715
                   2.434                      -7.8777893
               2.4360001                      -8.1398779
                   2.438                      -8.4141425
               2.4400001                      -8.7013582
               2.4419999                      -9.0023812
                   2.444                      -9.3181567
               2.4460001                      -9.6497335
                   2.448                      -9.9982771
                    2.45                      -10.365091
               2.4519999                      -10.751631
                   2.454                      -11.159534
               2.4560001                      -11.590639
               2.4579999                      -12.047027
                    2.46                      -12.531036
               2.4619999                      -13.045311
                   2.464                      -13.592828
               2.4660001                      -14.176914
               2.4679999                      -14.801241
                    2.47                      -15.469766
               2.4719999                      -16.186554
                   2.474                      -16.955372
               2.4760001                       -17.77885
               2.4779999                      -18.656795
                    2.48                      -19.582982
               2.4820001                      -20.539306
                   2.484                      -21.486214
               2.4860001                       -22.35046
               2.4879999                      -23.019121
                    2.49                       -23.36152
               2.4920001                      -23.292192
                   2.494                      -22.830218
               2.4960001                      -22.084853
               2.4979999                      -21.185956
                     2.5                      -20.233566
               2.5020001                      -19.288251
               2.5039999                      -18.381009
                   2.506                      -17.525071
               2.5079999                      -16.724126
                    2.51                      -15.977148
               2.5120001                      -15.280988
               2.5139999                       -14.63171
                   2.516                      -14.025255
               2.5179999                      -13.457747
                    2.52                      -12.925625
               2.5220001                       -12.42568
               2.5239999                      -11.955052
                   2.526                      -11.511199
               2.5280001                      -11.091873
                    2.53                      -10.695076
               2.5320001                       -10.31904
               2.5339999                      -9.9621897
                   2.536                      -9.6231225
               2.5380001                      -9.3005807
                    2.54                      -8.9934398
               2.5420001                      -8.7006854
               2.5439999                      -8.4214016
                   2.546                      -8.1547591
               2.5480001                      -7.9000066
                    2.55                      -7.6564578
                   2.552                      -7.4234856
               2.5539999                      -7.2005154
                   2.556                      -6.9870191
               2.5580001                      -6.7825089
               2.5599999                      -6.5865364
                   2.562                      -6.3986821
               2.5639999                      -6.2185599
                   2.566                       -6.045809
               2.5680001                      -5.8800907
               2.5699999                      -5.7210894
                   2.572                      -5.5685093
               2.5739999                      -5.4220712
                   2.576                      -5.2815103
               2.5780001                      -5.1465811
               2.5799999                      -5.0170449
                   2.582                      -4.8926798
               2.5840001                      -4.7732725
                   2.586                      -4.6586217
               2.5880001                      -4.5485306
               2.5899999                      -4.4428159
                   2.592                      -4.3413017
               2.5940001                      -4.2438138
                   2.596                      -4.1501914
                   2.598                      -4.0602761
               2.5999999                      -3.9739139
                   2.602                      -3.8909592
               2.6040001                      -3.8112696
               2.6059999                       -3.734707
                   2.608                        -3.66114
               2.6099999                      -3.5904362
                   2.612                      -3.5224736
               2.6140001                      -3.4571293
               2.6159999                       -3.394285
                   2.618                      -3.3338261
               2.6199999                       -3.275641
                   2.622                      -3.2196225
               2.6240001                       -3.165666
               2.6259999                      -3.1136675
                   2.628                      -3.0635314
               2.6300001                      -3.0151588
                   2.632                      -2.9684583
               2.6340001                      -2.9233409
               2.6359999                      -2.8797177
                   2.638                      -2.8375067
               2.6400001                      -2.7966275
                   2.642                      -2.7570012
               2.6440001                      -2.7185544
               2.6459999                      -2.6812142
                   2.648                      -2.6449146
               2.6500001                      -2.6095895
                   2.652                       -2.575176
                   2.654                      -2.5416172
               2.6559999                      -2.5088553
                   2.658                      -2.4768407
               2.6600001                      -2.4455238
               2.6619999                      -2.4148574
                   2.664                      -2.3848005
               2.6659999                      -2.3553139
                   2.668                      -2.3263599
               2.6700001                      -2.2979075
               2.6719999                      -2.2699258
                   2.674                      -2.2423891
               2.6760001                      -2.2152723
                   2.678                      -2.1885541
               2.6800001                       -2.162218
               2.6819999                      -2.1362476
                   2.684                      -2.1106295
               2.6860001                      -2.0853544
                   2.688                       -2.060413
               2.6900001                      -2.0358016
               2.6919999                      -2.0115139
                   2.694                      -1.9875495
               2.6960001                      -1.9639079
                   2.698                      -1.9405915
                     2.7                      -1.9176035
               2.7019999                      -1.8949475
                   2.704                      -1.8726299
               2.7060001                      -1.8506563
               2.7079999                      -1.8290365
                    2.71                      -1.8077755
               2.7119999                      -1.7868849
                   2.714                      -1.7663729
               2.7160001                      -1.7462491
               2.7179999                      -1.7265224
                    2.72                      -1.7072042
               2.7219999                      -1.6883014
                   2.724                      -1.6698251
               2.7260001                      -1.6517835
               2.7279999                       -1.634185
                    2.73                      -1.6170367
               2.7320001                      -1.6003457
                   2.734                      -1.5841189
               2.7360001                      -1.5683609
               2.7379999                      -1.5530756
                    2.74                      -1.5382671
               2.7420001                      -1.5239374
                   2.744                      -1.5100863
               2.7460001                      -1.4967165
               2.7479999                      -1.4838239
                    2.75                       -1.471408
               2.7520001                       -1.459464
               2.7539999                      -1.4479875
                   2.756                      -1.4369707
               2.7579999                      -1.4264091
                    2.76                      -1.4162918
               2.7620001                      -1.4066099
               2.7639999                      -1.3973517
                   2.766                      -1.3885057
               2.7679999                      -1.3800586
                    2.77                      -1.3719959
               2.7720001                      -1.3643029
               2.7739999                      -1.3569634
                   2.776                      -1.3499598
               2.7780001                      -1.3432751
                    2.78                      -1.3368914
               2.7820001                       -1.330789
               2.7839999                      -1.3249489
                   2.786                      -1.3193509
               2.7880001                      -1.3139753
                    2.79                      -1.3088008
               2.7920001                      -1.3038083
               2.7939999                      -1.2989768
                   2.796                      -1.2942854
               2.7980001                      -1.2897147
                     2.8                      -1.2852439
                   2.802                       -1.280855
               2.8039999                      -1.2765263
                   2.806                      -1.2722416
               2.8080001                      -1.2679836
               2.8099999                      -1.2637335
                   2.812                      -1.2594765
               2.8139999                      -1.2551967
                   2.816                      -1.2508805
               2.8180001                      -1.2465147
               2.8199999                      -1.2420871
                   2.822                      -1.2375876
               2.8239999                       -1.233006
                   2.826                       -1.228335
               2.8280001                       -1.223567
               2.8299999                      -1.2186979
                   2.832                      -1.2137214
               2.8340001                      -1.2086362
                   2.836                      -1.2034411
               2.8380001                      -1.1981346
               2.8399999                      -1.1927193
                   2.842                      -1.1871979
               2.8440001                      -1.1815731
                   2.846                      -1.1758516
                   2.848                       -1.170038
               2.8499999                      -1.1641409
                   2.852                      -1.1581676
               2.8540001                      -1.1521274
               2.8559999                      -1.1460318
                   2.858                      -1.1398901
               2.8599999                      -1.1337158
                   2.862                      -1.1275198
               2.8640001                      -1.1213161
               2.8659999                      -1.1151166
                   2.868                      -1.1089369
               2.8699999                      -1.1027896
                   2.872                      -1.0966882
               2.8740001                      -1.0906483
               2.8759999                      -1.0846819
                   2.878                      -1.0788048
               2.8800001                      -1.0730303
                   2.882                      -1.0673706
               2.8840001                      -1.0618392
               2.8859999                      -1.0564483
                   2.888                      -1.0512096
               2.8900001                      -1.0461343
                   2.892                      -1.0412328
               2.8940001                      -1.0365146
               2.8959999                      -1.0319878
                   2.898                      -1.0276602
               2.9000001                      -1.0235392
                   2.902                      -1.0196304
                   2.904                      -1.0159381
               2.9059999                      -1.0124661
                   2.908                       -1.009217
               2.9100001                      -1.0061913
               2.9119999                        -1.00339
                   2.914                       -1.000813
               2.9159999                     -0.99845655
                   2.918                     -0.99631925
               2.9200001                     -0.99439455
               2.9219999                      -0.9926791
                   2.924                     -0.99116598
               2.9260001                      -0.9898476
                   2.928                     -0.98871566
               2.9300001                     -0.98776003
               2.9319999                     -0.98697232
                   2.934                     -0.98633967
               2.9360001                     -0.98585125
                   2.938                     -0.98549483
               2.9400001                     -0.98525643
               2.9419999                      -0.9851237
                   2.944                     -0.98508101
               2.9460001                     -0.98511456
                   2.948                     -0.98521002
                    2.95                     -0.98535269
               2.9519999                     -0.98552675
                   2.954                     -0.98571691
               2.9560001                     -0.98590961
               2.9579999                     -0.98608936
                    2.96                     -0.98624141
               2.9619999                     -0.98635107
                   2.964                     -0.98640666
               2.9660001                     -0.98639321
               2.9679999                      -0.9862988
                    2.97                     -0.98611183
               2.9719999                     -0.98582061
                   2.974                     -0.98541611
               2.9760001                     -0.98488779
               2.9779999                     -0.98422709
                    2.98                     -0.98342818
               2.9820001                     -0.98248362
                   2.984                     -0.98138979
               2.9860001                     -0.98014082
               2.9879999                     -0.97873517
                    2.99                     -0.97717187
               2.9920001                     -0.97544885
                   2.994                     -0.97356764
               2.9960001                     -0.97153065
               2.9979999                     -0.96934115
                       3                     -0.96700219
               3.0020001                      -0.9645217
               3.0039999                     -0.96190409
                   3.006                     -0.95915698
               3.0079999                     -0.95629081
                    3.01                     -0.95331231
               3.0120001                     -0.95023473
               3.0139999                     -0.94706733
                   3.016                      -0.9438231
               3.0179999                     -0.94051321
                    3.02                     -0.93715219
               3.0220001                     -0.93375269
               3.0239999                     -0.93032858
                   3.026                     -0.92689461
               3.0280001                     -0.92346435
                    3.03                     -0.92005154
               3.0320001                     -0.91667324
               3.0339999                     -0.91334118
                   3.036                     -0.91006948
               3.0380001                      -0.9068745
                    3.04                     -0.90376743
               3.0420001                     -0.90076126
               3.0439999                     -0.89786914
                   3.046                     -0.89510276
               3.0480001                     -0.89247342
                    3.05                     -0.88999138
                   3.052                      -0.8876656
               3.0539999                     -0.88550556
                   3.056                     -0.88351822
               3.0580001                      -0.8817098
               3.0599999                     -0.88008757
                   3.062                     -0.87865458
               3.0639999                     -0.87741458
                   3.066                     -0.87636995
               3.0680001                     -0.87552168
               3.0699999                     -0.87486968
                   3.072                     -0.87441297
               3.0739999                     -0.87414904
                   3.076                      -0.8740743
               3.0780001                     -0.87418285
               3.0799999                      -0.8744711
                   3.082                     -0.87493024
               3.0840001                     -0.87555257
                   3.086                     -0.87633027
               3.0880001                     -0.87725145
               3.0899999                      -0.8783064
                   3.092                     -0.87948402
               3.0940001                     -0.88077115
                   3.096                     -0.88215359
                   3.098                     -0.88361881
               3.0999999                     -0.88515177
                   3.102                     -0.88673725
               3.1040001                     -0.88836128
               3.1059999                     -0.89000782
                   3.108                     -0.89166121
               3.1099999                      -0.8933056
                   3.112                     -0.89492531
               3.1140001                     -0.89650533
               3.1159999                     -0.89803005
                   3.118                     -0.89948378
               3.1199999                     -0.90085341
                   3.122                     -0.90212379
               3.1240001                     -0.90328179
               3.1259999                     -0.90431529
                   3.128                     -0.90521166
               3.1300001                     -0.90596018
                   3.132                     -0.90655137
               3.1340001                      -0.9069766
               3.1359999                     -0.90722735
                   3.138                     -0.90729684
               3.1400001                     -0.90718023
                   3.142                     -0.90687287
               3.1440001                     -0.90637275
               3.1459999                     -0.90567774
                   3.148                     -0.90478737
               3.1500001                     -0.90370367
                   3.152                     -0.90242941
                   3.154                     -0.90096698
               3.1559999                     -0.89932297
                   3.158                     -0.89750323
               3.1600001                     -0.89551575
               3.1619999                     -0.89336893
                   3.164                     -0.89107466
               3.1659999                     -0.88864159
                   3.168                     -0.88608345
               3.1700001                     -0.88341363
               3.1719999                     -0.88064431
                   3.174                     -0.87779137
               3.1760001                     -0.87487058
                   3.178                     -0.87189709
               3.1800001                     -0.86888769
               3.1819999                     -0.86585872
                   3.184                     -0.86282766
               3.1860001                      -0.8598113
                   3.188                     -0.85682706
               3.1900001                     -0.85389061
               3.1919999                     -0.85102105
                   3.194                     -0.84823359
               3.1960001                     -0.84554302
                   3.198                     -0.84296767
                     3.2                     -0.84052014
               3.2019999                     -0.83821632
                   3.204                     -0.83606864
               3.2060001                     -0.83409006
               3.2079999                     -0.83229152
                    3.21                     -0.83068412
               3.2119999                      -0.8292767
                   3.214                     -0.82807813
               3.2160001                     -0.82709369
               3.2179999                     -0.82633133
                    3.22                      -0.8257932
               3.2219999                     -0.82548337
                   3.224                     -0.82540252
               3.2260001                     -0.82555179
               3.2279999                     -0.82592887
                    3.23                     -0.82653066
               3.2320001                     -0.82735319
                   3.234                     -0.82839121
               3.2360001                     -0.82963597
               3.2379999                     -0.83108159
                    3.24                     -0.83271637
               3.2420001                     -0.83452838
                   3.244                     -0.83650793
               3.2460001                     -0.83863919
               3.2479999                     -0.84090904
                    3.25                     -0.84330082
               3.2520001                     -0.84579863
               3.2539999                     -0.84838441
                   3.256                       -0.851041
               3.2579999                     -0.85374884
                    3.26                     -0.85649031
               3.2620001                     -0.85924323
               3.2639999                     -0.86199045
                   3.266                     -0.86470953
               3.2679999                     -0.86738203
                    3.27                     -0.86998805
               3.2720001                     -0.87250694
               3.2739999                     -0.87492119
                   3.276                      -0.8772108
               3.2780001                     -0.87935715
                    3.28                      -0.8813441
               3.2820001                      -0.8831555
               3.2839999                     -0.88477548
                   3.286                     -0.88619074
               3.2880001                     -0.88738702
                    3.29                     -0.88835411
               3.2920001                     -0.88908104
               3.2939999                      -0.8895601
                   3.296                     -0.88978379
               3.2980001                     -0.88974769
                     3.3                     -0.88944693
                   3.302                     -0.88888133
               3.3039999                      -0.8880505
                   3.306                     -0.88695604
               3.3080001                     -0.88560212
               3.3099999                     -0.88399458
                   3.312                     -0.88213897
               3.3139999                     -0.88004707
                   3.316                      -0.8777277
               3.3180001                     -0.87519456
               3.3199999                     -0.87246075
                   3.322                     -0.86954204
               3.3239999                     -0.86645537
                   3.326                     -0.86321813
               3.3280001                     -0.85985096
               3.3299999                     -0.85637327
                   3.332                     -0.85280674
               3.3340001                     -0.84917271
                   3.336                     -0.84549482
               3.3380001                     -0.84179578
               3.3399999                     -0.83809783
                   3.342                     -0.83442652
               3.3440001                     -0.83080418
                   3.346                     -0.82725507
                   3.348                     -0.82380253
               3.3499999                     -0.82046884
                   3.352                     -0.81727591
               3.3540001                     -0.81424707
               3.3559999                     -0.81140107
                   3.358                     -0.80875972
               3.3599999                     -0.80634027
                   3.362                     -0.80415945
               3.3640001                     -0.80223423
               3.3659999                     -0.80058006
                   3.368                     -0.79920801
               3.3699999                     -0.79813023
                   3.372                     -0.79735656
               3.3740001                     -0.79689414
               3.3759999                     -0.79674924
                   3.378                     -0.79692607
               3.3800001                     -0.79742542
                   3.382                     -0.79824791
               3.3840001                     -0.79939118
               3.3859999                     -0.80085123
                   3.388                     -0.80262152
               3.3900001                     -0.80469468
                   3.392                     -0.80705795
               3.3940001                     -0.80970177
               3.3959999                     -0.81261057
                   3.398                     -0.81576697
               3.4000001                     -0.81915437
                   3.402                     -0.82275271
                   3.404                      -0.8265409
               3.4059999                     -0.83049544
                   3.408                     -0.83459348
               3.4100001                     -0.83880658
               3.4119999                     -0.84311041
                   3.414                     -0.84747691
               3.4159999                     -0.85187698
                   3.418                     -0.85628139
               3.4200001                     -0.86066103
               3.4219999                     -0.86498633
                   3.424                     -0.86922631
               3.4260001                     -0.87335169
                   3.428                     -0.87733333
               3.4300001                     -0.88114096
               3.4319999                     -0.88474805
                   3.434                     -0.88812626
               3.4360001                     -0.89125056
                   3.438                     -0.89409472
               3.4400001                      -0.8966366
               3.4419999                     -0.89885444
                   3.444                     -0.90072884
               3.4460001                     -0.90224256
                   3.448                     -0.90338072
                    3.45                     -0.90412937
               3.4519999                     -0.90447922
                   3.454                     -0.90442328
               3.4560001                     -0.90395554
               3.4579999                     -0.90307457
                    3.46                      -0.9017805
               3.4619999                     -0.90007831
                   3.464                     -0.89797262
               3.4660001                     -0.89547389
               3.4679999                     -0.89259481
                    3.47                      -0.8893494
               3.4719999                     -0.88575627
                   3.474                     -0.88183431
               3.4760001                     -0.87760674
               3.4779999                     -0.87309983
                    3.48                     -0.86833921
               3.4820001                     -0.86335515
                   3.484                     -0.85817821
               3.4860001                     -0.85284056
               3.4879999                     -0.84737692
                    3.49                     -0.84182289
               3.4920001                      -0.8362142
                   3.494                     -0.83058761
               3.4960001                     -0.82498103
               3.4979999                     -0.81943156
                     3.5                     -0.81397784

